image_width: 754
image_height: 480
camera_name: vrmagic_right
camera_matrix:
  rows: 3
  cols: 3
  data: [690.6961813908023, 0, 370.9416947317898, 0, 690.2995390402153, 244.8926321980688, 0, 0, 1]
distortion_model: plumb_bob
distortion_coefficients:
  rows: 1
  cols: 5
  data: [-0.4655347506174412, 0.2204942288568834, 0.0005755528950951232, -0.001418640604209686, 0]
rectification_matrix:
  rows: 3
  cols: 3
  data: [0.9976034570445272, 0.009121009048449723, -0.06858680402778765, -0.008973287194346308, 0.9999567094346848, 0.002461579469574353, 0.06860628695488361, -0.001840231098353518, 0.9976421156606053]
projection_matrix:
  rows: 3
  cols: 4
  data: [697.8923436630964, 0, 437.1576461791992, -94.42510304113732, 0, 697.8923436630964, 237.0073204040527, 0, 0, 0, 1, 0]