image_width: 754
image_height: 480
camera_name: vrmagic_left
camera_matrix:
  rows: 3
  cols: 3
  data: [718.1720727570923, 0, 392.4634838527061, 0, 717.6808933915871, 229.2013784196961, 0, 0, 1]
distortion_model: plumb_bob
distortion_coefficients:
  rows: 1
  cols: 5
  data: [-0.4688218949433684, 0.2212184498811618, 0.0005042678501004225, 0.00126678017477264, 0]
rectification_matrix:
  rows: 3
  cols: 3
  data: [0.9978310948922322, 0.01035051999643018, -0.06500748266140249, -0.01049048071028657, 0.999943331606015, -0.001812013005018877, 0.06498504351492082, 0.002490042663640685, 0.9978831313369803]
projection_matrix:
  rows: 3
  cols: 4
  data: [697.8923436630964, 0, 437.1576461791992, 0, 0, 697.8923436630964, 237.0073204040527, 0, 0, 0, 1, 0]