image_width: 754
image_height: 480
camera_name: vrmagic_right
camera_matrix:
  rows: 3
  cols: 3
  data: [688.4453659441856, 0, 371.4224473015231, 0, 686.758413192092, 215.6593257660086, 0, 0, 1]
distortion_model: plumb_bob
distortion_coefficients:
  rows: 1
  cols: 5
  data: [-0.4718317972728827, 0.2240374698961497, -0.0001610445407207145, 0.0004730642344389567, 0]
rectification_matrix:
  rows: 3
  cols: 3
  data: [0.9998644205519808, -0.01367024570248347, 0.009179591313647843, 0.01386130932811432, 0.9996816275238061, -0.02108335113460176, -0.008888454194189134, 0.02120773382019668, 0.9997355787448248]
projection_matrix:
  rows: 3
  cols: 4
  data: [698.3006258365681, 0, 362.7032661437988, -94.23977746434409, 0, 698.3006258365681, 242.435977935791, 0, 0, 0, 1, 0]