image_width: 754
image_height: 480
camera_name: vrmagic_right
camera_matrix:
  rows: 3
  cols: 3
  data: [690.4970934875951, 0, 361.8952447650127, 0, 688.7007661387333, 247.7592188752508, 0, 0, 1]
distortion_model: plumb_bob
distortion_coefficients:
  rows: 1
  cols: 5
  data: [-0.4697372236542792, 0.1998692074883614, -0.0008234838761422359, -0.0003409773998535847, 0]
rectification_matrix:
  rows: 3
  cols: 3
  data: [0.9997599331065353, -0.001135740464762669, -0.02188118480367995, 0.001139182799642953, 0.9999993406395411, 0.0001448552121503916, 0.02188100585816592, -0.0001697471065737795, 0.999760567720369]
projection_matrix:
  rows: 3
  cols: 4
  data: [691.8404544911004, 0, 388.4510498046875, -94.01655484319345, 0, 691.8404544911004, 241.5158405303955, 0, 0, 0, 1, 0]