image_width: 754
image_height: 480
camera_name: vrmagic_left
camera_matrix:
  rows: 3
  cols: 3
  data: [717.4360204334134, 0, 390.4511314549641, 0, 715.1997786802284, 235.9923685627446, 0, 0, 1]
distortion_model: plumb_bob
distortion_coefficients:
  rows: 1
  cols: 5
  data: [-0.4863522977870955, 0.2473248153460571, -0.001422899657811786, 0.001980093123387913, 0]
rectification_matrix:
  rows: 3
  cols: 3
  data: [0.9999543444498457, 0.003110456288944153, -0.009035157859934334, -0.003111877592792044, 0.9999951478363089, -0.0001432539228990314, 0.009034668434804025, 0.0001713636878540282, 0.9999591718669116]
projection_matrix:
  rows: 3
  cols: 4
  data: [691.8404544911004, 0, 388.4510498046875, 0, 0, 691.8404544911004, 241.5158405303955, 0, 0, 0, 1, 0]