image_width: 754
image_height: 480
camera_name: vrmagic_left
camera_matrix:
  rows: 3
  cols: 3
  data: [701.0668015418678, 0, 375.5736173708222, 0, 699.087265108893, 268.3872899473457, 0, 0, 1]
distortion_model: plumb_bob
distortion_coefficients:
  rows: 1
  cols: 5
  data: [-0.4686340350637678, 0.215447054823396, 0.0008492461477637747, -6.927999299817359e-06, 0]
rectification_matrix:
  rows: 3
  cols: 3
  data: [0.9998080186852195, -0.01118449225447881, 0.01608828473595529, 0.01084176771331898, 0.9997157357381045, 0.02123449529589074, -0.01632120845973432, -0.02105599322355217, 0.9996450686637652]
projection_matrix:
  rows: 3
  cols: 4
  data: [698.3006258365681, 0, 362.7032661437988, 0, 0, 698.3006258365681, 242.435977935791, 0, 0, 0, 1, 0]