image_width: 754
image_height: 480
camera_name: "vrmagic_right"
camera_matrix:
  rows: 3
  cols: 3
  data: [694.532437923618, 0, 376.423268226047, 0, 694.143499510648, 246.144688879743, 0, 0, 1]
distortion_model: plumb_bob
distortion_coefficients:
  rows: 1
  cols: 5
  data: [-0.466779061104452, 0.199974710956892, 0.000784074515962109, -0.00216436986300742, 0]
rectification_matrix:
  rows: 3
  cols: 3
  data: [0.9997150271344, -0.00977773990759342, -0.0217775187743022, 0.00967825491612089, 0.999942264399625, -0.00466896660174557, 0.0218219133772502, 0.00445686769481534, 0.999751939446434]
projection_matrix:
  rows: 3
  cols: 4
  data: [706.409512110671, 0, 395.76033782959, -215980.744457089, 0, 706.409512110671, 241.391792297363, 0, 0, 0, 1, 0]
